coc_number,coc_name,sheltered_total_homeless_individuals,unsheltered_homeless_individuals,homeless_individuals,sheltered_total_homeless_people_in_families,unsheltered_homeless_people_in_families,homeless_people_in_families,sheltered_homeless,unsheltered_homeless,sheltered_total_homeless_veterans,unsheltered_homeless_veterans,homeless_veterans,sheltered_total_homeless_unaccompanied_youth_under_25,unsheltered_homeless_unaccompanied_youth_under_25,total_homeless_unaccompanied_youth_under_25,total_homeless,es_sh_th_avg_days,total_persons_returns_in_6_mths,total_persons_returns_in_12_mths_should_include_the_6_month_cohort,total_persons_returns_in_24_mths_should_include_both_the_6_and_12_month_cohort,percent_with_successful_es_th_sh_ph_rrh_exit,percent_with_successful_ph_retention_or_exit,amount,chronically_homeless
AK-500,Anchorage CoC,720,94,814,280,0,280,1000,94,58,4,62,94,3,97,1094,73,99,137,180,20%,95%,3112658,177
AK-501,Alaska Balance of State CoC,453,167,620,254,48,302,707,215,52,18,70,56,10,66,922,64,78,121,170,31%,94%,812671,180
AL-500,"Birmingham/Jefferson, St. Clair, Shelby Counties CoC",501,219,720,181,0,181,682,219,116,17,133,21,5,26,901,70,169,220,275,19%,97%,9482514,119
AL-501,Mobile City & County/Baldwin County CoC,183,216,399,135,17,152,318,233,42,10,52,8,8,16,551,57,35,55,91,26%,97%,3811801,59
AL-502,Florence/Northwest Alabama CoC,144,22,166,90,0,90,234,22,0,8,8,16,1,17,256,0,0,0,0,85%,43%,436218,136
AL-503,Huntsville/North Alabama CoC,230,106,336,78,10,88,308,116,21,13,34,21,3,24,424,80,14,24,38,42%,96%,664538,111
AL-504,Montgomery City & County CoC,203,69,272,97,0,97,300,69,48,6,54,19,2,21,369,112,34,57,83,23%,83%,1243676,63
AL-505,Gadsden/Northeast Alabama CoC,59,60,119,27,0,27,86,60,5,3,8,11,2,13,146,NA,NA,NA,NA,NA,NA,203299,35
AL-506,Tuscaloosa City & County CoC,34,1,35,22,0,22,56,1,10,0,10,0,0,0,57,477,36,37,37,14%,NA,1185251,4
AL-507,Alabama Balance of State CoC,339,184,523,101,106,207,440,290,25,15,40,17,24,41,730,414,1,1,8,75%,98%,3142641,13
AR-500,Little Rock/Central Arkansas CoC,432,518,950,99,32,131,531,550,70,54,124,36,38,74,1081,72,55,85,118,48%,96%,356625,232
AR-501,Fayetteville/Northwest Arkansas CoC,197,151,348,126,0,126,323,151,40,20,60,45,6,51,474,249,27,43,49,85%,92%,377488,42
AR-503,Arkansas  Balance of State  CoC,224,442,666,85,17,102,309,459,14,17,31,19,73,92,768,82,30,46,61,33%,87%,4028471,107
AR-504,Delta Hills CoC,32,19,51,0,6,6,32,25,11,0,11,1,1,2,57,NA,NA,NA,NA,NA,NA,8584348,18
AR-505,Southeast Arkansas CoC,47,6,53,48,0,48,95,6,3,0,3,9,0,9,101,NA,NA,NA,NA,NA,NA,28016529,0
AR-508,Fort Smith CoC,149,63,212,16,3,19,165,66,12,10,22,12,0,12,231,NA,NA,NA,NA,NA,NA,26061937,67
AR-512,"Boone, Baxter, Marion, Newton Counties CoC",0,0,0,0,0,0,0,0,0,0,0,0,0,0,0,NA,NA,NA,NA,NA,NA,44537520,.
AZ-500,Arizona Balance of State CoC,664,974,1638,438,111,549,1102,1085,107,170,277,57,63,120,2187,58,154,241,363,44%,96%,37648221,537
AZ-501,Tucson/Pima County CoC,720,359,1079,297,4,301,1017,363,158,45,203,67,36,103,1380,98,343,524,717,48%,90%,20915190,263
AZ-502,"Phoenix, Mesa/Maricopa County CoC",1970,2572,4542,1710,46,1756,3680,2618,275,138,413,273,142,415,6298,101,658,1052,1625,40%,93%,3721504,974
CA-500,San Jose/Santa Clara City & County CoC,1115,5152,6267,691,296,987,1806,5448,206,452,658,81,2436,2517,7254,141,160,260,385,30%,98%,15857604,2139
CA-501,San Francisco CoC,1878,4333,6211,626,20,646,2504,4353,300,356,656,168,1124,1292,6857,404,62,88,120,63%,98%,1840661,1757
CA-502,"Oakland, Berkeley/Alameda County CoC",964,3837,4801,669,26,695,1633,3863,148,378,526,197,738,935,5496,208,153,237,311,52%,98%,4496522,1742
CA-503,Sacramento City & County CoC,1069,2035,3104,500,17,517,1569,2052,165,327,492,121,118,239,3621,130,255,416,647,41%,98%,2629841,1192
CA-504,"Santa Rosa, Petaluma/Sonoma County CoC",760,1897,2657,307,32,339,1067,1929,63,144,207,62,443,505,2996,142,110,168,241,36%,93%,1619702,747
CA-505,Richmond/Contra Costa County CoC,523,1432,1955,174,105,279,697,1537,56,46,102,38,95,133,2234,114,104,169,257,52%,97%,3399756,555
CA-506,"Salinas/Monterey, San Benito Counties CoC",385,2298,2683,400,216,616,785,2514,111,56,167,34,589,623,3299,184,27,37,56,40%,97%,4490004,942
CA-507,Marin County CoC,242,678,920,145,30,175,387,708,22,67,89,18,115,133,1095,211,21,41,58,69%,96%,12756571,399
CA-508,Watsonville/Santa Cruz City & County CoC,281,1630,1911,240,169,409,521,1799,28,217,245,41,573,614,2320,173,32,63,81,28%,95%,2354941,634
CA-509,Mendocino County CoC,106,723,829,51,0,51,157,723,6,6,12,2,13,15,880,63,11,16,19,20%,94%,10733261,96
CA-510,"Turlock, Modesto/Stanislaus County CoC",507,573,1080,243,33,276,750,606,45,42,87,33,46,79,1356,57,108,158,236,29%,95%,1291551,241
CA-511,Stockton/San Joaquin County CoC,505,549,1054,613,18,631,1118,567,64,32,96,29,29,58,1685,50,149,225,320,11%,94%,354508,262
CA-512,Daly/San Mateo County CoC,249,562,811,352,75,427,601,637,43,57,100,19,11,30,1238,97,87,142,205,44%,99%,739826,238
CA-513,"Visalia/Kings, Tulare Counties CoC",185,638,823,130,14,144,315,652,6,40,46,23,49,72,967,80,156,212,282,42%,95%,1464224,288
CA-514,Fresno City & County/Madera County CoC,214,1672,1886,249,9,258,463,1681,86,125,211,30,67,97,2144,64,50,88,138,56%,92%,552718,524
CA-515,"Roseville, Rocklin/Placer, Nevada Counties CoC",331,435,766,161,23,184,492,458,31,24,55,15,41,56,950,164,23,29,35,44%,96%,749892,327
CA-516,"Redding/Shasta, Siskiyou, Lassen, Plumas, Del Norte, Modoc, Sierra Counties CoC",339,616,955,120,74,194,459,690,56,68,124,27,24,51,1149,1096,1,1,1,50%,100%,481697,431
CA-517,Napa City & County CoC,125,151,276,43,3,46,168,154,13,10,23,9,5,14,322,159,50,83,113,35%,98%,861315,158
CA-518,Vallejo/Solano County CoC,166,886,1052,46,31,77,212,917,19,105,124,39,179,218,1129,249,20,33,40,54%,95%,6888,461
CA-519,"Chico, Paradise/Butte County CoC",258,688,946,122,57,179,380,745,29,80,109,26,42,68,1125,117,73,88,198,26%,94%,15455,506
CA-520,Merced City & County CoC,155,301,456,47,11,58,202,312,3,10,13,13,21,34,514,67,10,13,21,16%,100%,20017,148
CA-521,"Davis, Woodland/Yolo County CoC",112,204,316,127,5,132,239,209,4,18,22,16,9,25,448,132,11,19,27,58%,98%,406899,157
CA-522,Humboldt County CoC,204,401,605,65,33,98,269,434,66,40,106,26,44,70,703,176,22,36,53,51%,85%,5902,363
CA-523,"Colusa, Glenn, Trinity Counties CoC",10,152,162,85,21,106,95,173,2,16,18,0,6,6,268,362,0,0,0,73%,NA,3134,94
CA-524,Yuba City & County/Sutter County CoC,72,385,457,220,88,308,292,473,1,27,28,2,20,22,765,90,0,1,12,54%,100%,,172
CA-525,El Dorado County CoC,119,358,477,30,138,168,149,496,0,82,82,19,22,41,645,122,17,17,21,38%,100%,123707061,211
CA-526,"Amador, Calaveras, Mariposa, Tuolumne Counties CoC",45,220,265,89,44,133,134,264,9,10,19,3,19,22,398,102,9,18,35,77%,97%,21394691,72
CA-527,Tehama County CoC,51,56,107,18,0,18,69,56,8,1,9,3,1,4,125,40,1,3,5,37%,NA,24073151,55
CA-529,Lake County CoC,13,534,547,11,57,68,24,591,1,11,12,1,32,33,615,NA,NA,NA,NA,NA,NA,1995819,82
CA-530,"Alpine, Inyo, Mono Counties CoC",1,144,145,0,12,12,1,156,0,6,6,0,10,10,157,34,0,0,0,41%,NA,5921458,65
CA-600,Los Angeles City & County CoC,6175,35904,42079,6210,1666,7876,12385,37570,871,2667,3538,899,1438,2337,49955,342,655,1042,1660,30%,97%,8467853,13275
CA-601,San Diego City and County CoC,2387,4676,7063,1199,314,1513,3586,4990,653,659,1312,186,690,876,8576,139,381,566,843,44%,94%,3561687,2171
CA-602,"Santa Ana, Anaheim/Orange County CoC",1262,2518,3780,1109,66,1175,2371,2584,62,357,419,50,75,125,4955,93,130,219,299,39%,97%,10106803,1066
CA-603,Santa Maria/Santa Barbara County CoC,596,739,1335,217,154,371,813,893,55,49,104,44,98,142,1706,117,56,102,154,38%,96%,10141456,307
CA-604,Bakersfield/Kern County CoC,353,362,715,162,8,170,515,370,62,18,80,29,27,56,885,398,89,128,185,52%,97%,2290478,133
CA-606,Long Beach CoC,527,1151,1678,138,57,195,665,1208,195,110,305,18,49,67,1873,125,31,37,75,55%,90%,2449400,587
CA-607,Pasadena CoC,134,439,573,81,23,104,215,462,8,23,31,8,31,39,677,113,2,9,13,28%,96%,183793,164
CA-608,Riverside City & County CoC,411,1676,2087,220,9,229,631,1685,37,99,136,65,175,240,2316,57,228,338,490,39%,95%,979997,474
CA-609,San Bernardino City & County CoC,253,1340,1593,422,103,525,675,1443,45,125,170,25,117,142,2118,57,240,389,567,58%,97%,3082384,423
CA-611,"Oxnard, San Buenaventura/Ventura County CoC",300,809,1109,178,21,199,478,830,23,39,62,9,32,41,1308,130,9,16,24,52%,96%,27195633,280
CA-612,Glendale CoC,29,139,168,75,17,92,104,156,0,12,12,5,4,9,260,168,0,4,6,41%,98%,2407701,49
CA-613,Imperial County CoC,40,1271,1311,120,62,182,160,1333,3,127,130,20,76,96,1493,76,56,82,103,85%,NA,11467362,44
CA-614,San Luis Obispo County CoC,184,809,993,89,13,102,273,822,17,76,93,23,187,210,1095,84,9,14,22,31%,91%,37553278,301
CO-500,Colorado Balance of State CoC,946,1600,2546,535,908,1443,1481,2508,124,191,315,81,165,246,3989,191,67,144,179,45%,98%,22720536,797
CO-503,Metropolitan Denver CoC,2700,1215,3915,1309,93,1402,4009,1308,422,144,566,141,113,254,5317,202,207,305,390,34%,97%,8249505,1596
CO-504,Colorado Springs/El Paso County CoC,656,490,1146,382,23,405,1038,513,111,81,192,52,41,93,1551,84,120,201,276,18%,91%,,345
CT-503,"Bridgeport, Stamford, Norwalk/Fairfield County CoC",350,82,432,309,0,309,659,82,40,1,41,31,22,53,741,165,61,113,205,57%,97%,6347400,52
CT-505,Connecticut Balance of State CoC,1349,499,1848,1387,0,1387,2736,499,137,12,149,87,47,134,3235,121,373,610,868,48%,98%,4129427,289
DC-500,District of Columbia CoC,3170,600,3770,3134,0,3134,6304,600,246,60,306,284,34,318,6904,256,425,735,1081,67%,99%,1974655,1781
DE-500,Delaware Statewide CoC,615,93,708,374,0,374,989,93,67,3,70,45,8,53,1082,102,147,243,329,46%,98%,1420440,189
FL-500,"Sarasota, Bradenton/Manatee, Sarasota Counties CoC",519,435,954,221,17,238,740,452,59,49,108,44,13,57,1192,63,125,211,309,25%,87%,676587,250
FL-501,Tampa/Hillsborough County CoC,580,613,1193,575,27,602,1155,640,119,52,171,30,26,56,1795,94,146,227,374,50%,94%,1451760,262
FL-502,"St. Petersburg, Clearwater, Largo/Pinellas County CoC",1290,963,2253,357,2,359,1647,965,233,48,281,98,45,143,2612,77,544,732,924,33%,93%,8069046,434
FL-503,"Lakeland, Winterhaven/Polk County CoC",220,134,354,198,0,198,418,134,16,10,26,21,7,28,552,98,38,90,120,29%,95%,703177,84
FL-504,"Daytona Beach, Daytona/Volusia, Flagler Counties CoC",99,385,484,178,21,199,277,406,15,29,44,5,15,20,683,144,118,167,227,77%,98%,1710063,90
FL-505,"Fort Walton Beach/Okaloosa, Walton Counties CoC",22,326,348,61,86,147,83,412,2,28,30,0,14,14,495,77,20,24,34,60%,82%,4659124,119
FL-506,Tallahassee/Leon County CoC,548,92,640,262,7,269,810,99,89,19,108,47,9,56,909,129,163,236,327,33%,94%,815404,151
FL-507,"Orlando/Orange, Osceola, Seminole Counties CoC",1002,338,1340,691,22,713,1693,360,156,25,181,104,16,120,2053,93,339,505,670,43%,95%,133307,272
FL-508,"Gainesville/Alachua, Putnam Counties CoC",240,403,643,83,30,113,323,433,66,48,114,41,7,48,756,70,93,143,212,45%,97%,742388,272
FL-509,"Fort Pierce/St. Lucie, Indian River, Martin Counties CoC",60,794,854,453,235,688,513,1029,2,59,61,22,16,38,1542,89,41,63,92,88%,95%,292129,56
FL-510,"Jacksonville-Duval, Clay Counties CoC",981,429,1410,384,0,384,1365,429,92,29,121,77,61,138,1794,116,43,84,122,38%,93%,53680,327
FL-511,"Pensacola/Escambia, Santa Rosa Counties CoC",329,138,467,158,7,165,487,145,84,19,103,18,11,29,632,171,79,125,184,30%,78%,184256,78
FL-512,St. Johns County CoC,55,164,219,123,0,123,178,164,6,24,30,11,14,25,342,76,20,27,47,36%,100%,360919,65
FL-513,"Palm Bay, Melbourne/Brevard County CoC",283,238,521,198,15,213,481,253,130,39,169,74,14,88,734,196,82,111,180,67%,97%,911344,116
FL-514,Ocala/Marion County CoC,188,255,443,113,16,129,301,271,69,0,69,26,22,48,572,10,2,2,2,29%,52%,428405,124
FL-515,"Panama City/Bay, Jackson Counties CoC",75,238,313,34,34,68,109,272,9,25,34,17,17,34,381,35,23,26,38,21%,100%,31480996,98
FL-517,"Hendry, Hardee, Highlands Counties CoC",16,276,292,53,108,161,69,384,0,18,18,0,65,65,453,237,0,0,0,57%,87%,10201816,259
FL-518,"Columbia, Hamilton, Lafayette, Suwannee Counties CoC",61,326,387,29,77,106,90,403,24,17,41,10,33,43,493,71,52,59,75,52%,93%,258810,38
FL-519,Pasco County CoC,104,725,829,149,1690,1839,253,2415,39,175,214,11,317,328,2668,0,35,38,38,69%,98%,1835581,826
FL-520,"Citrus, Hernando, Lake, Sumter Counties CoC",183,243,426,266,19,285,449,262,27,18,45,15,14,29,711,119,32,47,80,53%,88%,491912,36
FL-600,Miami-Dade County CoC,1395,1030,2425,1091,0,1091,2486,1030,111,9,120,130,26,156,3516,136,741,1034,1409,56%,99%,5795007,384
FL-601,Ft Lauderdale/Broward County CoC,1013,843,1856,436,26,462,1449,869,116,73,189,101,40,141,2318,102,543,805,1143,48%,98%,297734,439
FL-602,Punta Gorda/Charlotte County CoC,54,76,130,24,10,34,78,86,39,1,40,0,5,5,164,67,18,35,59,85%,98%,7533177,45
FL-603,"Ft Myers, Cape Coral/Lee County CoC",250,173,423,274,31,305,524,204,7,11,18,22,9,31,728,54,41,57,74,39%,89%,19242078,132
FL-604,Monroe County CoC,547,177,724,214,35,249,761,212,22,45,67,16,5,21,973,187,80,106,117,31%,94%,2497367,62
FL-605,West Palm Beach/Palm Beach County CoC,196,768,964,262,83,345,458,851,47,83,130,46,19,65,1309,84,148,203,306,68%,95%,761981,164
FL-606,Naples/Collier County CoC,376,175,551,64,38,102,440,213,3,8,11,34,32,66,653,88,3,3,3,89%,100%,615226,119
GA-500,Atlanta CoC,1804,732,2536,532,8,540,2336,740,303,96,399,137,28,165,3076,95,319,467,720,32%,90%,1524407,335
GA-501,Georgia Balance of State CoC,698,1704,2402,1159,169,1328,1857,1873,50,117,167,73,105,178,3730,88,125,200,312,63%,93%,2301469,266
GA-502,Fulton County CoC,49,66,115,85,22,107,134,88,12,0,12,24,6,30,222,204,2,2,3,63%,95%,3450386,86
GA-503,Athens-Clarke County CoC,82,46,128,84,0,84,166,46,10,4,14,3,2,5,212,83,12,18,32,42%,88%,5144877,37
GA-504,Augusta-Richmond County CoC,191,47,238,31,0,31,222,47,24,5,29,9,2,11,269,78,82,96,140,22%,97%,1136986,18
GA-505,Columbus-Muscogee/Russell County CoC,154,80,234,42,0,42,196,80,3,10,13,15,2,17,276,108,21,28,35,52%,83%,2613196,28
GA-506,Marietta/Cobb County CoC,141,104,245,125,14,139,266,118,11,14,25,9,2,11,384,56,29,39,84,47%,92%,9483399,41
GA-507,Savannah/Chatham County CoC,411,464,875,134,0,134,545,464,16,22,38,27,40,67,1009,71,70,99,122,30%,98%,763143,223
GA-508,DeKalb County CoC,27,143,170,151,0,151,178,143,0,8,8,0,10,10,321,99,14,23,38,74%,97%,5206206,46
GU-500,Guam CoC,22,187,209,105,540,645,127,727,4,10,14,5,2,7,854,66,4,14,28,36%,92%,3537981,66
HI-500,Hawaii Balance of State CoC,226,1000,1226,479,330,809,705,1330,28,97,125,11,35,46,2035,142,58,119,219,57%,94%,1073322,597
HI-501,Honolulu City and County CoC,989,1916,2905,1361,229,1590,2350,2145,212,195,407,39,104,143,4495,211,131,262,453,59%,94%,3253348,1117
IA-500,"Sioux City/Dakota, Woodbury Counties CoC",166,6,172,92,0,92,258,6,24,1,25,7,0,7,264,113,5,5,5,74%,100%,948095,27
IA-501,Iowa Balance of State CoC,820,107,927,773,21,794,1593,128,73,6,79,119,13,132,1721,87,196,361,551,52%,94%,1524907,133
IA-502,Des Moines/Polk County CoC,505,107,612,152,0,152,657,107,80,12,92,61,9,70,764,69,170,249,355,28%,93%,2321293,110
ID-500,Boise/Ada County CoC,492,121,613,143,0,143,635,121,98,15,113,23,10,33,756,88,5,9,18,19%,99%,724099,182
ID-501,Idaho Balance of State CoC,280,404,684,374,198,572,654,602,48,54,102,32,50,82,1256,75,126,184,246,67%,87%,1841444,142
IL-500,McHenry County CoC,119,5,124,55,0,55,174,5,39,0,39,14,0,14,179,196,11,14,18,51%,90%,4148711,23
IL-501,"Rockford/Winnebago, Boone Counties CoC",126,43,169,87,0,87,213,43,16,5,21,13,6,19,256,66,30,65,98,27%,93%,1802286,18
IL-502,"Waukegan, North Chicago/Lake County CoC",137,24,161,116,0,116,253,24,13,0,13,12,0,12,277,65,67,106,133,46%,98%,3374043,33
IL-503,"Champaign, Urbana, Rantoul/Champaign County CoC",112,9,121,67,0,67,179,9,6,1,7,11,0,11,188,80,11,18,44,36%,84%,73193688,9
IL-504,Madison County CoC,44,44,88,51,7,58,95,51,3,2,5,4,1,5,146,47,5,6,9,79%,91%,13107890,22
IL-506,"Joliet, Bolingbrook/Will County CoC",138,43,181,160,0,160,298,43,15,1,16,12,4,16,341,56,30,62,83,20%,97%,1056875,23
IL-507,"Peoria, Pekin/Fulton, Tazewell, Peoria, Woodford Counties CoC",216,32,248,150,2,152,366,34,31,6,37,13,0,13,400,66,9,37,74,52%,98%,402569,54
IL-508,"East St. Louis, Belleville/St. Clair County CoC",61,63,124,99,27,126,160,90,24,5,29,3,8,11,250,150,1,7,19,69%,93%,4880469,26
IL-509,Dekalb City & County CoC,42,3,45,55,0,55,97,3,5,0,5,12,0,12,100,NA,NA,NA,NA,NA,NA,1047588,7
IL-510,Chicago CoC,2203,1350,3553,1890,7,1897,4093,1357,296,198,494,269,41,310,5450,165,616,898,1303,24%,98%,869672,971
IL-511,Cook County CoC,470,89,559,311,3,314,781,92,47,3,50,59,3,62,873,102,121,173,204,33%,98%,1821498,134
IL-512,Bloomington/Central Illinois CoC,225,23,248,137,2,139,362,25,9,1,10,67,2,69,387,100,19,36,49,50%,95%,740232,43
IL-513,Springfield/Sangamon County CoC,178,17,195,74,2,76,252,19,18,0,18,12,0,12,271,63,96,120,144,22%,82%,665749,32
IL-514,DuPage County CoC,156,15,171,124,0,124,280,15,12,0,12,44,0,44,295,119,69,85,103,34%,99%,1037157,31
IL-515,South Central Illinois CoC,25,19,44,45,3,48,70,22,1,2,3,1,1,2,92,21,9,14,16,61%,98%,17126143,5
IL-516,Decatur/Macon County CoC,80,18,98,60,3,63,140,21,4,0,4,4,2,6,161,142,0,0,0,41%,94%,5575184,16
IL-517,"Aurora, Elgin/Kane County CoC",293,25,318,112,0,112,405,25,22,0,22,22,0,22,430,91,60,73,100,27%,96%,2671577,145
IL-518,"Rock Island, Moline/Northwestern Illinois CoC",122,16,138,60,0,60,182,16,8,0,8,15,1,16,198,129,3,7,14,71%,91%,1871426,0
IL-519,West Central Illinois CoC,23,0,23,44,0,44,67,0,0,0,0,6,0,6,67,44,24,37,45,50%,94%,683573,2
IL-520,Southern Illinois CoC,106,38,144,128,10,138,234,48,5,6,11,16,6,22,282,74,64,88,106,40%,95%,2651388,31
IN-502,Indiana Balance of State CoC,2042,435,2477,1091,8,1099,3133,443,242,36,278,166,36,202,3576,90,369,589,835,45%,94%,9430594,244
IN-503,Indianapolis CoC,1163,136,1299,383,0,383,1546,136,249,12,261,57,9,66,1682,55,106,206,326,21%,97%,9910618,205
KS-502,Wichita/Sedgwick County CoC,363,58,421,152,0,152,515,58,54,4,58,43,5,48,573,43,101,164,231,36%,94%,1820160,33
KS-503,Topeka/Shawnee County CoC,221,61,282,126,0,126,347,61,49,9,58,16,0,16,408,1495,1,3,7,90%,97%,2840362,141
KS-505,"Overland Park, Shawnee/Johnson County CoC",28,36,64,102,2,104,130,38,1,4,5,5,3,8,168,134,4,4,4,71%,100%,4010367,19
KS-507,Kansas Balance of State CoC,420,161,581,337,0,337,757,161,52,6,58,43,11,54,918,254,254,353,444,46%,80%,21224142,82
KY-500,Kentucky Balance of State CoC,844,608,1452,541,84,625,1385,692,102,46,148,76,38,114,2077,58,161,253,342,55%,96%,1746290,142
KY-501,Louisville-Jefferson County CoC,555,148,703,218,5,223,773,153,115,14,129,49,9,58,926,59,166,232,315,16%,96%,2492504,129
KY-502,Lexington-Fayette County CoC,557,23,580,105,0,105,662,23,91,1,92,16,5,21,685,55,92,142,184,18%,90%,729971,98
LA-500,Lafayette/Acadiana CoC,113,171,284,77,2,79,190,173,20,6,26,7,7,14,363,81,44,63,95,67%,96%,18368336,64
LA-502,"Shreveport, Bossier/Northwest Louisiana CoC",227,44,271,104,0,104,331,44,98,2,100,16,2,18,375,71,74,104,154,32%,89%,29021101,55
LA-503,New Orleans/Jefferson Parish CoC,470,587,1057,124,7,131,594,594,94,15,109,79,19,98,1188,52,61,138,181,70%,98%,1908352,193
LA-505,Monroe/Northeast Louisiana CoC,73,3,76,106,5,111,179,8,6,1,7,14,0,14,187,52,3,5,11,90%,98%,1852407,10
LA-506,Slidell/Southeast Louisiana CoC,120,54,174,15,5,20,135,59,35,7,42,7,3,10,194,167,7,14,26,75%,99%,4218711,25
LA-507,Alexandria/Central Louisiana CoC,99,53,152,25,0,25,124,53,24,2,26,1,1,2,177,77,7,9,12,78%,97%,1817917,28
LA-509,Louisiana Balance of State CoC,400,126,526,41,8,49,441,134,85,11,96,48,10,58,575,55,9,18,34,51%,96%,6737485,101
MA-500,Boston CoC,2372,163,2535,3653,0,3653,6025,163,268,7,275,143,8,151,6188,120,210,329,478,41%,90%,1805851,724
MA-502,Lynn CoC,86,42,128,933,0,933,1019,42,4,1,5,4,8,12,1061,1248,31,35,39,100%,100%,814459,66
MA-503,Cape Cod Islands CoC,137,37,174,182,2,184,319,39,8,4,12,5,0,5,358,166,34,46,65,48%,95%,4701678,56
MA-504,Springfield/Hampden County CoC,413,44,457,2911,0,2911,3324,44,16,3,19,24,2,26,3368,141,33,55,156,47%,92%,1816939,206
MA-505,New Bedford CoC,173,49,222,187,0,187,360,49,50,2,52,14,1,15,409,119,14,24,42,45%,94%,6670761,29
MA-506,Worcester City & County CoC,594,170,764,1088,0,1088,1682,170,206,9,215,60,21,81,1852,182,104,168,269,39%,95%,1768888,133
MA-507,"Pittsfield/Berkshire, Franklin, Hampshire Counties CoC",352,54,406,245,0,245,597,54,188,4,192,11,5,16,651,80,27,39,62,30%,93%,12607536,72
MA-508,Lowell CoC,192,26,218,565,0,565,757,26,28,2,30,7,3,10,783,258,17,20,33,42%,95%,1960519,75
MA-509,Cambridge CoC,324,79,403,158,0,158,482,79,10,5,15,29,8,37,561,137,10,15,22,12%,98%,820990,194
MA-510,"Gloucester, Haverhill, Salem/Essex County CoC",197,43,240,492,0,492,689,43,30,0,30,11,0,11,732,181,27,41,56,37%,99%,668444,75
MA-511,"Quincy, Brockton, Weymouth, Plymouth City and County CoC",313,22,335,755,0,755,1068,22,46,0,46,20,1,21,1090,175,44,57,77,53%,99%,23391054,180
MA-515,Fall River CoC,70,32,102,275,0,275,345,32,1,2,3,2,0,2,377,140,10,23,37,33%,92%,928419,63
MA-516,Massachusetts Balance of State CoC,475,170,645,1651,0,1651,2126,170,56,9,65,33,32,65,2296,288,13,18,23,36%,97%,2472691,205
MA-517,Somerville CoC,90,10,100,34,0,34,124,10,22,0,22,8,0,8,134,177,3,5,11,47%,99%,809573,11
MA-519,"Attleboro, Taunton/Bristol County CoC",40,42,82,126,0,126,166,42,1,3,4,2,3,5,208,155,2,3,4,47%,100%,3004848,33
MD-500,Cumberland/Allegany County CoC,17,21,38,38,3,41,55,24,0,1,1,1,0,1,79,205,1,1,2,65%,95%,414519,5
MD-501,Baltimore CoC,1571,546,2117,391,0,391,1962,546,271,24,295,56,29,85,2508,137,154,254,359,28%,96%,255444,592
MD-502,Harford County CoC,79,21,100,90,0,90,169,21,6,1,7,7,2,9,190,108,6,7,11,55%,99%,2923962,46
MD-503,Annapolis/Anne Arundel County CoC,183,83,266,97,3,100,280,86,16,8,24,8,2,10,366,96,45,72,96,40%,96%,638037,85
MD-504,Howard County CoC,51,40,91,74,3,77,125,43,1,5,6,3,5,8,168,113,3,7,11,47%,99%,244208,37
MD-505,Baltimore County CoC,203,226,429,269,60,329,472,286,16,21,37,8,16,24,758,94,73,131,219,73%,99%,746719,189
MD-506,Carroll County CoC,78,22,100,73,0,73,151,22,4,2,6,7,2,9,173,164,6,15,21,49%,93%,517913,31
MD-507,Cecil County CoC,49,41,90,39,0,39,88,41,37,8,45,0,4,4,129,160,2,2,3,77%,100%,1319789,22
MD-508,"Charles, Calvert, St.Mary's Counties CoC",124,150,274,82,136,218,206,286,8,19,27,11,10,21,492,100,30,56,98,54%,98%,5817344,87
MD-509,Frederick City & County CoC,123,84,207,109,0,109,232,84,7,2,9,10,9,19,316,239,2,10,15,55%,96%,9232284,52
MD-510,Garrett County CoC,8,0,8,7,0,7,15,0,0,0,0,0,0,0,15,115,6,11,16,90%,100%,13091730,0
MD-511,Mid-Shore Regional CoC,61,17,78,50,13,63,111,30,8,1,9,7,1,8,141,83,26,39,52,49%,100%,9280618,19
MD-512,Hagerstown/Washington County CoC,113,36,149,41,9,50,154,45,36,2,38,3,4,7,199,157,6,9,13,79%,95%,26921844,45
MD-513,"Wicomico, Somerset, Worcester Counties CoC",167,27,194,93,5,98,260,32,21,2,23,10,0,10,292,79,62,85,114,36%,97%,4253480,56
MD-600,Prince George's County CoC,120,85,205,273,0,273,393,85,21,8,29,21,2,23,478,165,15,23,61,54%,98%,1276212,19
MD-601,Montgomery County CoC,435,133,568,272,0,272,707,133,18,0,18,23,6,29,840,107,51,81,153,41%,98%,6256918,124
ME-500,Maine Statewide CoC,1359,91,1450,1059,7,1066,2418,98,106,13,119,143,9,152,2516,192,281,419,573,42%,97%,1959934,215
MI-500,Michigan Balance of State CoC,565,154,719,587,37,624,1152,191,62,8,70,120,19,139,1343,28,255,402,584,61%,93%,6297388,53
MI-501,Detroit CoC,1114,154,1268,497,4,501,1611,158,305,17,322,111,9,120,1769,93,464,635,849,49%,97%,1672455,221
MI-502,"Dearborn, Dearborn Heights, Westland/Wayne County CoC",61,13,74,137,0,137,198,13,12,0,12,1,1,2,211,82,20,26,34,64%,100%,2551336,16
MI-503,"St. Clair Shores, Warren/Macomb County CoC",169,28,197,73,0,73,242,28,16,0,16,21,0,21,270,50,32,49,96,33%,96%,5973900,27
MI-504,"Pontiac, Royal Oak/Oakland County CoC",222,71,293,134,0,134,356,71,8,0,8,32,2,34,427,83,94,131,173,67%,98%,2039269,42
MI-505,Flint/Genesee County CoC,194,91,285,144,9,153,338,100,12,5,17,43,2,45,438,145,58,75,99,44%,95%,103083,30
MI-506,"Grand Rapids, Wyoming/Kent County CoC",411,38,449,264,10,274,675,48,65,3,68,29,7,36,723,64,123,221,340,36%,97%,707619,102
MI-507,"Portage, Kalamazoo City & County CoC",292,51,343,222,2,224,514,53,20,4,24,18,3,21,567,75,163,247,362,64%,97%,132120,129
MI-508,"Lansing, East Lansing/Ingham County CoC",255,39,294,125,0,125,380,39,28,2,30,26,3,29,419,52,100,210,304,35%,96%,304409,43
MI-509,Washtenaw County CoC,183,27,210,72,0,72,255,27,25,1,26,25,0,25,282,61,77,113,182,52%,96%,125684,45
MI-510,Saginaw City & County CoC,141,12,153,204,0,204,345,12,11,1,12,23,0,23,357,71,95,150,208,49%,98%,596662,10
MI-511,Lenawee County CoC,54,0,54,63,0,63,117,0,0,0,0,8,0,8,117,34,6,6,21,21%,100%,824043,5
MI-512,"Grand Traverse, Antrim, Leelanau Counties CoC",146,23,169,66,0,66,212,23,11,1,12,14,1,15,235,92,53,72,115,42%,98%,223694,48
MI-513,"Marquette, Alger Counties CoC",25,9,34,36,0,36,61,9,1,0,1,3,1,4,70,60,16,27,44,68%,90%,1160414,4
MI-514,Battle Creek/Calhoun County CoC,131,41,172,64,0,64,195,41,41,3,44,5,8,13,236,65,76,99,148,39%,100%,994002,25
MI-515,Monroe City & County CoC,128,7,135,71,3,74,199,10,11,0,11,18,7,25,209,75,16,30,51,41%,93%,12955703,24
MI-516,"Norton Shores, Muskegon City & County CoC",80,26,106,45,8,53,125,34,4,0,4,9,4,13,159,41,114,137,177,60%,99%,6994909,19
MI-517,Jackson City & County CoC,56,9,65,16,0,16,72,9,5,1,6,3,0,3,81,33,32,55,94,43%,94%,2230636,10
MI-518,Livingston County CoC,39,7,46,39,5,44,78,12,4,1,5,13,0,13,90,51,32,40,62,32%,95%,3868141,0
MI-519,Holland/Ottawa County CoC,119,14,133,91,2,93,210,16,5,0,5,12,3,15,226,61,72,121,146,48%,94%,460318,4
MI-523,Eaton County CoC,5,5,10,112,0,112,117,5,0,0,0,0,0,0,122,123,38,66,124,80%,100%,1585286,4
MN-500,Minneapolis/Hennepin County CoC,1288,404,1692,1321,0,1321,2609,404,116,22,138,170,37,207,3013,83,290,422,653,20%,91%,736023,490
MN-501,Saint Paul/Ramsey County CoC,776,110,886,519,19,538,1295,129,57,3,60,95,21,116,1424,98,104,156,239,17%,93%,863442,235
MN-502,Rochester/Southeast Minnesota CoC,173,59,232,258,7,265,431,66,10,3,13,77,13,90,497,149,30,44,62,56%,92%,3277549,32
MN-503,"Dakota, Anoka, Washington, Scott, Carver Counties",198,147,345,215,65,280,413,212,18,3,21,48,29,77,625,102,31,48,67,47%,92%,1106623,78
MN-504,Northeast Minnesota CoC,26,31,57,21,12,33,47,43,1,3,4,8,2,10,90,78,8,12,18,61%,94%,2053080,12
MN-505,St. Cloud/Central Minnesota CoC,192,86,278,287,19,306,479,105,25,13,38,53,24,77,584,88,47,71,99,46%,92%,12494002,64
MN-506,Northwest Minnesota CoC,101,8,109,165,0,165,266,8,4,0,4,33,4,37,274,142,49,79,104,53%,83%,381847,22
MN-508,Moorhead/West Central Minnesota CoC,106,6,112,134,0,134,240,6,9,1,10,17,0,17,246,112,19,30,42,40%,92%,1073726,25
MN-509,Duluth/St.Louis County CoC,138,123,261,139,25,164,277,148,9,3,12,51,18,69,425,89,67,115,178,40%,91%,625968,108
MN-511,Southwest Minnesota CoC,21,0,21,44,0,44,65,0,1,0,1,9,0,9,65,58,11,13,22,76%,91%,1430323,0
MO-500,St. Louis County CoC,232,26,258,192,0,192,424,26,14,2,16,125,3,128,450,81,28,43,67,48%,95%,13361804,45
MO-501,St.Louis City CoC,522,97,619,330,0,330,852,97,132,4,136,47,7,54,949,112,36,66,138,36%,97%,4948339,95
MO-503,"St. Charles City & County, Lincoln, Warren Counties CoC",125,153,278,245,9,254,370,162,4,5,9,40,25,65,532,70,21,29,43,50%,96%,14244,33
MO-600,"Springfield/Greene, Christian, Webster Counties CoC",125,189,314,157,8,165,282,197,5,23,28,21,31,52,479,61,27,39,60,41%,92%,1433023,135
MO-602,"Joplin/Jasper, Newton Counties CoC",175,52,227,45,3,48,220,55,54,11,65,10,2,12,275,133,13,21,26,76%,96%,2785536,32
MO-603,"St. Joseph/Andrew, Buchanan, DeKalb Counties CoC",73,30,103,101,0,101,174,30,12,2,14,4,5,9,204,101,218,299,382,19%,82%,830645,62
MO-604,"Kansas City, Independence, Lee’s Summit/Jackson, Wyandotte Counties, MO & KS",894,306,1200,580,18,598,1474,324,108,35,143,103,12,115,1798,NA,NA,NA,NA,NA,NA,2681779,416
MO-606,Missouri Balance of State CoC,553,319,872,430,43,473,983,362,97,15,112,86,20,106,1345,63,81,139,185,61%,96%,2225764,250
MP-500,Northern Mariana Islands CoC,22,335,357,0,687,687,22,1022,0,0,0,2,0,2,1044,0,0,0,0,89%,NA,1276279,0
MS-500,"Jackson/Rankin, Madison Counties CoC",225,137,362,84,0,84,309,137,10,34,44,16,23,39,446,2317,8,11,19,20%,92%,1461135,172
MS-501,Mississippi Balance of State CoC,199,205,404,98,58,156,297,263,27,16,43,16,10,26,560,66,45,72,125,72%,91%,8933958,58
MS-503,Gulf Port/Gulf Coast Regional CoC,37,221,258,88,0,88,125,221,0,15,15,3,19,22,346,77,10,23,35,67%,96%,1901691,49
MT-500,Montana Statewide CoC,682,301,983,350,72,422,1032,373,125,73,198,92,27,119,1405,198,8,16,19,84%,85%,4089204,200
NC-500,Winston-Salem/Forsyth County CoC,318,33,351,89,0,89,407,33,50,3,53,12,4,16,440,69,108,156,208,42%,97%,696261,72
NC-501,Asheville/Buncombe County CoC,464,51,515,33,6,39,497,57,242,5,247,20,3,23,554,178,64,108,153,60%,98%,3451506,82
NC-502,Durham City & County CoC,193,53,246,92,0,92,285,53,62,1,63,17,4,21,338,111,39,68,103,55%,96%,792300,68
NC-503,North Carolina Balance of State CoC,1305,769,2074,718,199,917,2023,968,100,56,156,119,55,174,2991,81,201,347,501,42%,99%,724109,485
NC-504,"Greensboro, High Point CoC",376,104,480,169,8,177,545,112,55,0,55,37,4,41,657,87,95,157,219,57%,91%,700219,36
NC-505,Charlotte/Mecklenberg CoC,924,209,1133,535,0,535,1459,209,130,16,146,63,19,82,1668,118,384,539,706,70%,94%,355786,217
NC-506,"Wilmington/Brunswick, New Hanover, Pender Counties CoC",144,127,271,62,0,62,206,127,18,12,30,16,3,19,333,73,48,62,79,43%,97%,1876781,32
NC-507,Raleigh/Wake County CoC,478,187,665,313,5,318,791,192,63,17,80,35,10,45,983,66,230,324,426,27%,95%,2042862,121
NC-509,"Gastonia/Cleveland, Gaston, Lincoln Counties CoC",136,112,248,69,14,83,205,126,2,0,2,7,7,14,331,56,48,63,93,49%,95%,4692702,79
NC-511,Fayetteville/Cumberland County CoC,14,128,142,133,97,230,147,225,5,33,38,1,14,15,372,196,7,7,10,67%,100%,2372628,67
NC-513,Chapel Hill/Orange County CoC,83,37,120,30,2,32,113,39,6,6,12,3,1,4,152,177,6,12,14,33%,74%,4193853,19
NC-516,Northwest North Carolina CoC,86,120,206,54,189,243,140,309,2,0,2,4,20,24,449,104,27,35,49,43%,91%,1543817,15
ND-500,North Dakota Statewide CoC,419,48,467,75,0,75,494,48,9,0,9,58,7,65,542,399,149,213,264,36%,92%,1936674,76
NE-500,Nebraska Balance of State CoC,297,30,327,227,5,232,524,35,11,2,13,40,6,46,559,74,92,161,229,56%,93%,541425,24
NE-501,"Omaha, Council Bluffs CoC",1058,64,1122,289,0,289,1347,64,141,1,142,77,6,83,1411,69,242,397,582,28%,97%,5363543,358
NE-502,Lincoln CoC,253,43,296,153,2,155,406,45,16,0,16,27,1,28,451,81,59,96,153,22%,88%,504223,73
NH-500,New Hampshire Balance of State CoC,352,115,467,268,7,275,620,122,28,7,35,31,17,48,742,105,147,182,250,52%,97%,3703084,135
NH-501,Manchester CoC,183,21,204,218,5,223,401,26,47,0,47,19,4,23,427,126,37,50,68,27%,98%,6442940,16
NH-502,Nashua/Hillsborough County CoC,158,6,164,117,0,117,275,6,61,0,61,10,0,10,281,169,26,34,52,40%,98%,7191193,10
NJ-500,Atlantic City & County CoC,270,131,401,36,0,36,306,131,37,11,48,38,4,42,437,60,34,46,69,38%,97%,3103903,105
NJ-501,Bergen County CoC,200,23,223,131,0,131,331,23,18,1,19,27,1,28,354,159,21,26,52,52%,94%,3617597,11
NJ-502,Burlington County CoC,405,52,457,379,4,383,784,56,17,5,22,40,1,41,840,120,43,80,153,27%,98%,1939213,81
NJ-503,"Camden City & County/Gloucester, Cape May, Cumberland Counties CoC",568,137,705,286,8,294,854,145,125,5,130,57,7,64,999,81,170,216,258,24%,96%,613109,146
NJ-504,Newark/Essex County CoC,978,389,1367,854,7,861,1832,396,61,15,76,120,27,147,2228,117,93,156,236,49%,95%,4557884,250
NJ-506,"Jersey City, Bayonne/Hudson County CoC",429,243,672,188,0,188,617,243,18,8,26,23,11,34,860,61,77,111,194,43%,96%,398093,226
NJ-507,New Brunswick/Middlesex County CoC,224,131,355,242,0,242,466,131,4,12,16,6,6,12,597,106,1,6,16,76%,99%,4332613,88
NJ-508,Monmouth County CoC,115,72,187,148,0,148,263,72,7,3,10,5,2,7,335,64,8,13,18,20%,95%,4321987,40
NJ-509,Morris County CoC,214,35,249,149,0,149,363,35,9,1,10,17,4,21,398,121,17,25,47,39%,94%,1253501,65
NJ-510,Lakewood Township/Ocean County CoC,94,99,193,158,3,161,252,102,4,6,10,16,4,20,354,68,1,5,6,15%,98%,5572933,52
NJ-511,Paterson/Passaic County CoC,172,112,284,150,0,150,322,112,2,8,10,16,4,20,434,131,10,25,45,67%,94%,5614726,95
NJ-512,Salem County CoC,9,5,14,35,0,35,44,5,0,0,0,0,0,0,49,NA,NA,NA,NA,NA,NA,14236132,3
NJ-513,Somerset County CoC,146,6,152,66,0,66,212,6,86,1,87,20,1,21,218,172,3,6,10,45%,98%,1625336,5
NJ-514,Trenton/Mercer County CoC,274,63,337,142,0,142,416,63,13,5,18,25,3,28,479,60,39,66,103,36%,95%,598552,46
NJ-515,Elizabeth/Union County CoC,179,30,209,258,11,269,437,41,6,1,7,14,1,15,478,96,48,84,107,61%,96%,12511442,43
NJ-516,"Warren, Sussex, Hunterdon Counties CoC",193,50,243,83,12,95,276,62,63,3,66,15,3,18,338,106,18,32,59,45%,100%,1709455,30
NM-500,Albuquerque CoC,747,368,1115,209,16,225,956,384,128,41,169,92,26,118,1340,63,95,152,231,32%,94%,5663416,421
NM-501,New Mexico Balance of State CoC,484,350,834,315,62,377,799,412,49,72,121,47,17,64,1211,65,51,85,149,39%,92%,274756,470
NV-500,Las Vegas/Clark County CoC,1935,3851,5786,264,33,297,2199,3884,429,165,594,150,1145,1295,6083,112,411,645,929,43%,90%,9472298,505
NV-501,"Reno, Sparks/Washoe County CoC",867,184,1051,141,0,141,1008,184,99,20,119,71,23,94,1192,97,192,282,391,27%,87%,4054963,106
NV-502,Nevada Balance of State CoC,71,150,221,27,21,48,98,171,2,8,10,6,9,15,269,73,12,13,33,31%,99%,12207363,37
NY-500,"Rochester, Irondequoit, Greece/Monroe County CoC",487,56,543,292,0,292,779,56,65,8,73,78,0,78,835,37,295,473,737,48%,97%,217267,90
NY-501,"Elmira/Steuben, Allegany, Livingston, Chemung, Schuyler Counties CoC",105,14,119,114,0,114,219,14,0,0,0,22,5,27,233,50,29,63,87,78%,92%,1689334,0
NY-503,Albany City & County CoC,545,35,580,255,0,255,800,35,81,3,84,44,0,44,835,65,81,148,222,43%,95%,3529625,99
NY-504,Cattaragus County CoC,21,0,21,12,0,12,33,0,1,0,1,3,0,3,33,23,8,13,19,46%,85%,329297,0
NY-505,"Syracuse, Auburn/Onondaga, Oswego, Cayuga Counties CoC",528,12,540,182,0,182,710,12,41,0,41,69,0,69,722,52,324,504,740,46%,96%,199474,36
NY-507,Schenectady City & County CoC,203,11,214,179,0,179,382,11,22,4,26,30,1,31,393,74,54,91,175,59%,95%,3248035,38
NY-508,"Buffalo, Niagara Falls/Erie, Niagara, Orleans, Genesee, Wyoming Counties CoC",597,15,612,345,0,345,942,15,88,0,88,76,0,76,957,54,159,272,402,41%,97%,464344,25
NY-510,Ithaca/Tompkins County CoC,30,45,75,16,0,16,46,45,3,5,8,10,2,12,91,59,14,31,58,46%,88%,90741,5
NY-511,"Binghamton, Union Town/Broome, Otsego, Chenango, Delaware, Cortland, Tioga Count",145,66,211,21,12,33,166,78,17,0,17,21,15,36,244,60,60,119,180,55%,93%,1294337,21
NY-512,Troy/Rensselaer County CoC,94,6,100,78,0,78,172,6,1,0,1,10,0,10,178,44,37,59,89,45%,94%,1721987,7
NY-513,"Wayne, Ontario, Seneca, Yates Counties CoC",163,19,182,0,0,0,163,19,20,0,20,30,1,31,182,100,1,2,3,37%,86%,,6
NY-514,"Jamestown, Dunkirk/Chautauqua County CoC",91,3,94,51,0,51,142,3,4,0,4,33,0,33,145,159,8,11,18,49%,89%,117583916,1
NY-516,Clinton County CoC,113,1,114,83,0,83,196,1,4,0,4,9,0,9,197,NA,NA,NA,NA,NA,NA,1373608,13
NY-518,"Utica, Rome/Oneida, Madison Counties CoC",91,9,100,71,7,78,162,16,4,0,4,12,0,12,178,52,30,47,85,63%,93%,2708938,19
NY-519,"Columbia, Greene Counties CoC",108,5,113,83,0,83,191,5,0,0,0,13,0,13,196,0,0,0,0,100%,96%,13156123,4
NY-520,"Franklin, Essex Counties CoC",25,0,25,17,0,17,42,0,2,0,2,1,0,1,42,76,4,7,10,50%,100%,18848370,0
NY-522,"Jefferson, Lewis, St. Lawrence Counties CoC",75,6,81,15,0,15,90,6,7,0,7,4,3,7,96,34,29,61,102,76%,92%,902136,2
NY-523,"Glens Falls, Saratoga Springs/Saratoga, Washington, Warren, Hamilton Counties Co",204,21,225,30,2,32,234,23,26,0,26,16,1,17,257,65,40,54,61,65%,93%,281080,16
NY-600,New York City CoC,29680,3711,33391,45285,0,45285,74965,3711,597,8,605,1922,220,2142,78676,266,4463,6186,8673,47%,98%,1235605,6336
NY-601,Poughkeepsie/Dutchess County CoC,217,9,226,173,0,173,390,9,5,0,5,29,0,29,399,136,26,42,57,30%,94%,19476832,26
NY-602,"Newburgh, Middletown/Orange County CoC",187,42,229,251,0,251,438,42,11,6,17,29,2,31,480,86,51,91,182,51%,96%,3955340,101
NY-603,"Nassau, Suffolk Counties CoC",940,52,992,2876,0,2876,3816,52,134,1,135,102,0,102,3868,166,150,222,344,53%,94%,28162915,117
NY-604,"Yonkers, Mount Vernon/Westchester County CoC",567,44,611,1216,0,1216,1783,44,42,3,45,69,4,73,1827,223,96,161,255,25%,99%,12763762,164
NY-606,Rockland County CoC,95,50,145,35,0,35,130,50,3,0,3,10,0,10,180,59,5,6,8,23%,93%,1919042,37
NY-607,Sullivan County CoC,117,7,124,63,2,65,180,9,3,0,3,11,5,16,189,0,0,0,0,NA,85%,10328847,0
NY-608,Kingston/Ulster County CoC,134,26,160,298,6,304,432,32,3,2,5,27,2,29,464,95,80,145,211,64%,96%,4835866,32
OH-500,Cincinnati/Hamilton County CoC,784,47,831,283,0,283,1067,47,158,3,161,95,2,97,1114,57,349,605,940,51%,97%,19116526,70
OH-501,Toledo/Lucas County CoC,383,20,403,257,2,259,640,22,24,0,24,24,0,24,662,71,85,146,225,54%,98%,2965295,51
OH-502,Cleveland/Cuyahoga County CoC,1299,78,1377,431,0,431,1730,78,158,1,159,93,11,104,1808,105,811,1249,1720,39%,99%,267124,172
OH-503,Columbus/Franklin County CoC,959,282,1241,560,6,566,1519,288,86,14,100,96,29,125,1807,60,599,1203,1742,48%,93%,2808449,137
OH-504,Youngstown/Mahoning County CoC,72,23,95,85,0,85,157,23,10,2,12,12,0,12,180,147,37,60,92,57%,97%,3796648,25
OH-505,"Dayton, Kettering/Montgomery County CoC",515,51,566,114,0,114,629,51,51,1,52,84,2,86,680,55,137,255,410,26%,95%,607607,30
OH-506,"Akron, Barberton/Summit County CoC",329,133,462,125,0,125,454,133,56,8,64,38,6,44,587,58,144,195,263,31%,96%,431668,46
OH-507,Ohio Balance of State CoC,1287,522,1809,1213,111,1324,2500,633,141,21,162,145,39,184,3133,61,851,1339,1969,70%,97%,382756,196
OH-508,"Canton, Massillon, Alliance/Stark County CoC",105,40,145,133,0,133,238,40,10,5,15,6,4,10,278,54,75,113,146,61%,96%,131146,3
OK-500,North Central Oklahoma CoC,63,35,98,78,5,83,141,40,0,1,1,17,1,18,181,41,14,31,38,51%,80%,3608512,7
OK-501,Tulsa City & County CoC,658,218,876,199,8,207,857,226,89,24,113,70,52,122,1083,64,52,80,111,13%,96%,24284354,159
OK-502,Oklahoma City CoC,591,349,940,198,45,243,789,394,85,36,121,41,12,53,1183,173,61,100,148,35%,91%,248204,260
OK-503,Oklahoma Balance of State CoC,4,43,47,74,112,186,78,155,3,2,5,0,5,5,233,473,6,6,6,71%,87%,665492,42
OK-504,Norman/Cleveland County CoC,104,227,331,33,0,33,137,227,5,10,15,2,11,13,364,90,1,3,6,12%,95%,3233919,303
OK-505,Northeast Oklahoma CoC,208,24,232,133,27,160,341,51,13,2,15,54,3,57,392,75,30,36,41,43%,83%,3853943,93
OK-506,Southwest Oklahoma Regional CoC,76,38,114,74,3,77,150,41,4,25,29,14,2,16,191,NA,NA,NA,NA,NA,NA,2701875,0
OK-507,Southeastern Oklahoma Regional CoC,144,41,185,43,16,59,187,57,7,7,14,28,1,29,244,29,13,37,48,71%,88%,34507318,44
OR-500,"Eugene, Springfield/Lane County CoC",369,1021,1390,138,113,251,507,1134,53,120,173,34,98,132,1641,86,89,119,176,20%,96%,1835657,712
OR-501,"Portland, Gresham/Multnomah County CoC",1803,1591,3394,548,77,625,2351,1668,265,183,448,182,132,314,4019,114,461,827,1274,50%,96%,5163693,1384
OR-502,"Medford, Ashland/Jackson County CoC",307,317,624,96,12,108,403,329,82,34,116,37,27,64,732,134,28,50,80,57%,89%,4261680,259
OR-503,Central Oregon CoC,198,390,588,34,165,199,232,555,24,36,60,42,56,98,787,61,56,76,104,37%,91%,3224611,172
OR-505,Oregon Balance of State CoC,1243,3176,4419,615,1358,1973,1858,4534,128,346,474,168,473,641,6392,93,109,164,220,49%,93%,1707231,1503
OR-506,"Hillsboro, Beaverton/Washington County CoC",91,316,407,72,43,115,163,359,47,24,71,20,25,45,522,112,10,30,43,62%,94%,2923439,166
OR-507,Clackamas County CoC,16,301,317,21,45,66,37,346,1,20,21,7,8,15,383,66,3,6,8,34%,96%,2906992,125
PA-500,Philadelphia CoC,2506,1083,3589,2199,0,2199,4705,1083,203,36,239,204,96,300,5788,170,96,140,227,25%,98%,12487079,943
PA-501,Harrisburg/Dauphin County CoC,225,35,260,185,0,185,410,35,33,6,39,12,1,13,445,125,16,29,54,48%,94%,2322334,47
PA-502,"Upper Darby, Chester, Haverford/Delaware County CoC",181,53,234,180,0,180,361,53,6,0,6,15,3,18,414,113,21,29,55,53%,97%,1293954,33
PA-503,"Wilkes-Barre, Hazleton/Luzerne County CoC",89,6,95,70,0,70,159,6,9,0,9,15,0,15,165,50,121,142,184,62%,97%,1370705,0
PA-504,"Lower Merion, Norristown, Abington/Montgomery County CoC",121,20,141,150,0,150,271,20,8,0,8,5,0,5,291,147,58,125,209,58%,96%,20406399,20
PA-505,Chester County CoC,352,13,365,214,0,214,566,13,206,0,206,6,0,6,579,128,74,121,183,59%,96%,9900291,11
PA-506,Reading/Berks County CoC,395,11,406,156,0,156,551,11,39,0,39,20,1,21,562,139,162,278,408,43%,91%,1478372,5
PA-508,Scranton/Lackawanna County CoC,95,5,100,59,0,59,154,5,33,0,33,8,0,8,159,87,21,62,99,60%,98%,2261076,12
PA-509,Eastern Pennsylvania CoC,782,326,1108,870,20,890,1652,346,85,12,97,113,30,143,1998,96,106,170,238,56%,96%,13407969,91
PA-510,Lancaster City & County CoC,210,16,226,180,0,180,390,16,30,2,32,15,0,15,406,82,32,69,98,75%,91%,5275620,22
PA-511,"Bristol, Bensalem/Bucks County CoC",175,19,194,203,0,203,378,19,10,3,13,11,2,13,397,219,6,19,36,50%,94%,7160233,25
PA-512,York City & County CoC,137,30,167,154,3,157,291,33,9,2,11,20,1,21,324,50,39,92,158,47%,95%,1952972,13
PA-600,"Pittsburgh, McKeesport, Penn Hills/Allegheny County CoC",453,56,509,274,0,274,727,56,112,3,115,34,2,36,783,98,48,67,93,58%,95%,3154564,117
PA-601,Western Pennsylvania CoC,440,31,471,270,7,277,710,38,97,5,102,47,7,54,748,90,87,136,195,73%,97%,3224294,46
PA-603,Beaver County CoC,61,6,67,50,0,50,111,6,3,1,4,2,0,2,117,119,19,35,47,52%,96%,2522901,3
PA-605,Erie City & County CoC,227,4,231,105,0,105,332,4,27,2,29,14,0,14,336,75,96,143,196,48%,93%,1316523,20
PR-502,Puerto Rico Balance of Commonwealth CoC,355,1172,1527,87,29,116,442,1201,5,42,47,9,37,46,1643,195,98,147,190,51%,97%,2556777,662
PR-503,South-Southeast Puerto Rico CoC,225,1169,1394,3,142,145,228,1311,13,22,35,6,52,58,1539,200,49,74,148,67%,96%,6773478,429
RI-500,Rhode Island Statewide CoC,698,49,747,352,2,354,1050,51,100,3,103,38,1,39,1101,124,181,285,400,44%,96%,1412759,264
SC-500,Charleston/Low Country CoC,254,103,357,83,11,94,337,114,106,13,119,8,19,27,451,72,66,126,192,49%,97%,1862709,86
SC-501,"Greenville, Anderson, Spartanburg/Upstate CoC",624,292,916,225,44,269,849,336,57,22,79,44,12,56,1185,119,34,57,119,49%,99%,3594038,181
SC-502,Columbia/Midlands CoC,766,188,954,239,12,251,1005,200,124,22,146,67,13,80,1205,88,211,286,357,33%,98%,750733,248
SC-503,"Myrtle Beach, Sumter City & County CoC",324,531,855,74,163,237,398,694,33,38,71,51,23,74,1092,86,80,118,154,42%,91%,1679678,171
SD-500,South Dakota Statewide CoC,598,238,836,276,47,323,874,285,89,21,110,42,19,61,1159,125,69,93,120,29%,89%,1690283,190
TN-500,Chattanooga/Southeast Tennessee CoC,210,288,498,120,5,125,330,293,22,34,56,8,5,13,623,52,39,89,133,54%,98%,636524,322
TN-501,Memphis/Shelby County CoC,776,102,878,348,0,348,1124,102,218,13,231,64,6,70,1226,110,125,243,418,46%,96%,531317,87
TN-502,Knoxville/Knox County CoC,506,168,674,51,18,69,557,186,66,0,66,30,55,85,743,65,82,122,182,78%,87%,9729143,177
TN-503,Central Tennessee CoC,165,20,185,79,4,83,244,24,35,3,38,53,5,58,268,66,40,66,102,29%,87%,6780538,46
TN-504,Nashville-Davidson County CoC,1487,616,2103,195,0,195,1682,616,172,87,259,71,14,85,2298,154,82,127,174,57%,86%,16562289,637
TN-506,Upper Cumberland CoC,121,29,150,91,17,108,212,46,7,1,8,7,1,8,258,65,8,14,36,60%,97%,13306444,9
TN-507,Jackson/West Tennessee CoC,85,521,606,37,383,420,122,904,2,3,5,0,52,52,1026,69,9,13,27,83%,98%,3098524,72
TN-509,Appalachian Regional CoC,181,110,291,69,0,69,250,110,21,16,37,13,9,22,360,36,34,61,106,39%,95%,1043307,51
TN-510,Murfreesboro/Rutherford County CoC,159,70,229,50,4,54,209,74,6,11,17,3,5,8,283,1,0,0,0,3%,78%,7342787,100
TN-512,"Morristown/Blount, Sevier, Campbell, Cocke Counties CoC",163,362,525,135,138,273,298,500,7,18,25,29,55,84,798,220,3,3,7,50%,90%,592838,162
TX-500,San Antonio/Bexar County CoC,912,1353,2265,801,0,801,1713,1353,168,60,228,60,102,162,3066,114,274,486,770,42%,98%,333323,479
TX-503,Austin/Travis County CoC,587,1008,1595,546,6,552,1133,1014,102,68,170,47,51,98,2147,86,123,200,297,29%,97%,38155969,498
TX-600,"Dallas City & County, Irving CoC",1853,1334,3187,927,7,934,2780,1341,254,66,320,187,53,240,4121,111,214,332,524,21%,97%,298095,587
TX-601,"Fort Worth, Arlington/Tarrant County CoC",936,669,1605,401,9,410,1337,678,128,31,159,54,33,87,2015,49,134,234,407,39%,98%,7887527,278
TX-603,El Paso City & County CoC,395,177,572,320,0,320,715,177,58,23,81,44,21,65,892,68,118,211,302,66%,93%,1817218,151
TX-604,Waco/McLennan County CoC,59,58,117,71,0,71,130,58,13,10,23,8,3,11,188,67,5,10,17,17%,99%,1198418,22
TX-607,Texas Balance of State CoC,1889,3878,5767,1671,200,1871,3560,4078,144,307,451,160,283,443,7638,53,190,354,552,37%,95%,4754160,644
TX-611,Amarillo CoC,488,107,595,70,0,70,558,107,38,7,45,34,1,35,665,180,6,7,7,50%,100%,3869707,47
TX-624,"Wichita Falls/Wise, Palo Pinto, Wichita, Archer Counties CoC",172,40,212,23,3,26,195,43,12,3,15,27,8,35,238,30,0,5,14,48%,95%,890645,19
TX-700,"Houston, Pasadena, Conroe/Harris, Ft. Bend, Montgomery, Counties CoC",1548,1614,3162,981,0,981,2529,1614,225,218,443,132,70,202,4143,82,451,611,850,28%,93%,1858231,669
TX-701,"Bryan, College Station/Brazos Valley CoC",78,44,122,48,27,75,126,71,0,0,0,1,0,1,197,53,6,11,18,28%,NA,380319,10
UT-500,Salt Lake City & County CoC,1048,136,1184,620,0,620,1668,136,180,7,187,103,9,112,1804,70,751,1012,1260,20%,93%,2014410,227
UT-503,Utah Balance of State CoC,368,237,605,292,2,294,660,239,40,7,47,45,21,66,899,44,217,308,473,45%,86%,1200937,56
UT-504,Provo/Mountainland CoC,70,45,115,58,0,58,128,45,2,3,5,9,4,13,173,34,124,182,205,41%,90%,371921,23
VA-500,"Richmond/Henrico, Chesterfield, Hanover Counties CoC",381,104,485,124,0,124,505,104,82,10,92,28,8,36,609,40,187,289,404,37%,96%,371331,90
VA-501,"Norfolk/Chesapeake, Suffolk, Isle of Wight, Southampton Counties CoC",482,80,562,211,0,211,693,80,69,8,77,24,2,26,773,98,32,73,134,34%,98%,320381,90
VA-502,"Roanoke City & County, Salem CoC",217,11,228,89,0,89,306,11,37,0,37,10,1,11,317,37,44,67,141,19%,98%,1062938,36
VA-503,Virginia Beach CoC,135,63,198,36,9,45,171,72,24,9,33,18,5,23,243,66,49,71,91,45%,95%,2832598,40
VA-504,Charlottesville CoC,114,28,142,41,0,41,155,28,9,5,14,8,1,9,183,55,13,23,37,23%,100%,9126856,41
VA-505,"Newport News, Hampton/Virginia Peninsula CoC",246,70,316,123,0,123,369,70,52,6,58,18,4,22,439,88,25,53,78,41%,97%,181940,63
VA-507,Portsmouth CoC,56,28,84,51,0,51,107,28,8,4,12,3,0,3,135,109,7,10,16,48%,96%,867832,13
VA-508,Lynchburg CoC,64,20,84,28,0,28,92,20,8,2,10,14,4,18,112,37,12,18,35,40%,97%,721514,8
VA-513,"Harrisburg, Winchester/Western Virginia CoC",192,25,217,84,3,87,276,28,12,3,15,7,0,7,304,70,34,50,66,50%,93%,192882,42
VA-514,"Fredericksburg/Spotsylvania, Stafford Counties CoC",95,33,128,69,3,72,164,36,18,4,22,10,1,11,200,63,41,65,98,45%,92%,3669079,36
VA-521,Virginia Balance of State CoC,291,130,421,262,35,297,553,165,28,8,36,22,9,31,718,39,71,107,169,61%,96%,1205892,38
VA-600,Arlington County CoC,109,35,144,77,0,77,186,35,6,2,8,2,0,2,221,134,20,29,50,52%,93%,40191419,57
VA-601,Fairfax County CoC,413,86,499,488,0,488,901,86,22,11,33,51,2,53,987,95,188,306,389,44%,97%,8049065,173
VA-602,Loudoun County CoC,62,24,86,48,0,48,110,24,6,0,6,6,1,7,134,55,15,23,27,43%,100%,3778347,28
VA-603,Alexandria CoC,127,15,142,84,0,84,211,15,8,0,8,7,0,7,226,118,27,42,56,43%,96%,3449417,60
VA-604,Prince William County CoC,82,110,192,179,3,182,261,113,11,13,24,9,11,20,374,87,54,79,118,45%,100%,9868888,82
VI-500,Virgin Islands CoC,108,307,415,71,0,71,179,307,7,17,24,2,2,4,486,423,8,11,14,30%,87%,1957595,307
VT-500,Vermont Balance of State CoC,473,52,525,394,13,407,867,65,72,7,79,70,8,78,932,106,103,158,243,62%,95%,10365263,118
VT-501,Burlington/Chittenden County CoC,238,17,255,104,0,104,342,17,24,1,25,23,0,23,359,99,19,32,49,44%,91%,10641309,42
WA-500,Seattle/King County CoC,3247,6241,9488,2545,79,2624,5792,6320,392,529,921,384,1134,1518,12112,141,339,546,852,35%,95%,977863,3552
WA-501,Washington Balance of State CoC,1669,2061,3730,1508,428,1936,3177,2489,215,175,390,206,150,356,5666,101,322,497,720,50%,91%,3572436,1493
WA-502,Spokane City & County CoC,622,295,917,313,15,328,935,310,67,29,96,68,33,101,1245,66,134,234,410,44%,95%,424200,265
WA-503,"Tacoma, Lakewood/Pierce County CoC",494,730,1224,384,20,404,878,750,60,80,140,47,49,96,1628,111,168,241,340,35%,91%,2614928,366
WA-504,Everett/Snohomish County CoC,267,345,612,213,33,246,480,378,20,32,52,39,31,70,858,123,93,146,207,46%,95%,1336441,367
WA-508,Vancouver/Clark County CoC,220,233,453,201,141,342,421,374,16,21,37,19,24,43,795,110,55,94,122,43%,96%,4375910,115
WI-500,Wisconsin Balance of State CoC,1390,107,1497,1630,20,1650,3020,127,161,4,165,126,6,132,3147,82,779,1094,1507,50%,94%,288790,285
WI-501,Milwaukee City & County CoC,502,156,658,208,5,213,710,161,79,6,85,56,21,77,871,55,381,530,676,33%,98%,,96
WI-502,Racine City & County CoC,166,10,176,99,0,99,265,10,38,0,38,5,1,6,275,82,32,48,62,42%,98%,,22
WI-503,Madison/Dane County CoC,325,84,409,205,0,205,530,84,43,1,44,28,3,31,614,63,166,221,288,37%,94%,,124
WV-500,"Wheeling, Weirton Area CoC",73,10,83,25,0,25,98,10,6,2,8,6,0,6,108,61,23,33,51,38%,82%,,21
WV-501,"Huntington/Cabell, Wayne Counties CoC",128,21,149,41,0,41,169,21,12,2,14,7,4,11,190,45,86,122,169,27%,95%,,6
WV-503,"Charleston/Kanawha, Putnam, Boone, Clay Counties CoC",219,57,276,41,0,41,260,57,11,5,16,19,1,20,317,80,69,108,148,60%,95%,,31
WV-508,West Virginia Balance of State CoC,422,91,513,111,4,115,533,95,77,16,93,20,4,24,628,72,221,298,390,40%,91%,,96
WY-500,Wyoming Statewide CoC,299,135,434,141,64,205,440,199,47,0,47,68,14,82,639,62,107,143,195,33%,88%,,46
MA-51X,MA-510 & MA-516 Shared Jurisdiction,NA,NA,NA,NA,NA,NA,NA,NA,NA,NA,NA,NA,NA,NA,NA,NA,NA,NA,NA,NA,NA,NA,NA